    H      -48.18074      1.74518     -1.22092
    O      -48.07374      1.26418     -0.40592
    P      -46.63374      1.27818     -0.00492
    O      -46.41374      2.54218      0.72908
    O      -45.84374      1.10018     -1.24492
    O      -46.38374      0.03718      0.96608
    C      -47.32374     -0.20882      2.04108
    C      -46.59374     -0.77082      3.24208
    O      -46.38374     -2.20382      3.03108
    C      -45.19374     -0.21982      3.50308
    O      -44.80374     -0.36082      4.86308
    C      -44.31374     -1.10482      2.63208
    C      -45.02374     -2.44782      2.72708
    N      -44.97374     -3.24482      1.47308
    C      -44.82374     -4.62382      1.58008
    O      -44.73374     -5.13082      2.70808
    N      -44.77374     -5.33482      0.24908
    C      -44.87374     -4.78882     -0.75492
    N      -44.82374     -5.56182     -1.83092
    C      -45.02374     -3.37382     -0.89492
    C      -45.07374     -2.64882      0.25408
    H      -47.81374      0.73518      2.32008
    H      -48.08274     -0.93082      1.70608
    H      -47.21574     -0.59582      4.12708
    H      -44.56074     -3.03282      3.53508
    H      -44.28174     -0.74182      1.59408
    H      -43.28974     -1.16482      3.03208
    H      -45.12374      0.83718      3.20208
    H      -45.19574     -1.56882      0.20108
    H      -45.09374     -2.89982     -1.87292
    H      -44.70574     -6.58082     -1.72792
    H      -44.90274     -5.14482     -2.76892
    P      -43.25374      0.50818      3.61908
    O      -43.03374      1.36318      4.80308
    O      -42.46374      0.84918      2.41408
    O      -43.00374     -1.02082      4.00208
    C      -43.94374     -1.68282      4.88408
    C      -43.21374     -2.68482      5.75108
    O      -43.00374     -3.90782      4.97708
    C      -41.81374     -2.28682      6.21408
    O      -41.42374     -2.96982      7.40008
    C      -40.93374     -2.74182      5.05908
    C      -41.64374     -4.00682      4.59908
    N      -41.59374     -4.22482      3.13008
    C      -41.67374     -3.30082      2.10808
    N      -41.59374     -3.82082      0.91108
    C      -41.45374     -5.18882      1.14508
    C      -41.32374     -6.26282      0.23408
    O      -41.30374     -6.23882     -0.99492
    N      -41.20374     -7.49382      0.90508
    C      -41.20374     -7.65282      2.27508
    N      -41.07374     -8.90282      2.72308
    N      -41.33374     -6.64382      3.13308
    C      -41.45374     -5.44382      2.50508
    H      -44.43274     -0.93282      5.52308
    H      -44.70274     -2.20482      4.28408
    H      -43.83574     -2.88482      6.63108
    H      -41.18074     -4.87582      5.10208
    H      -40.90174     -1.98882      4.25708
    H      -39.90974     -2.95882      5.40008
    H      -41.74374     -1.19982      6.37008
    H      -41.79274     -2.23182      2.28408
    H      -41.11074     -8.31682      0.34408
    H      -41.07374     -9.09182      3.73608
    H      -40.97274     -9.68282      2.05608
    P      -39.87374     -1.66982      6.61608
    O      -39.65374     -1.36982      8.04608
    O      -39.08374     -0.86782      5.65508
    O      -39.62374     -3.22282      6.34408
    C      -40.56374     -4.18582      6.88108
    C      -39.83374     -5.45382      7.26608
    O      -39.62374     -6.25582      6.06108
    C      -38.43374     -5.27882      7.85008
    O      -38.04374     -6.38482      8.65608
    C      -37.55374     -5.22382      6.61108
    C      -38.26374     -6.19282      5.67608
    N      -38.21374     -5.79482      4.24408
    C      -38.06374     -6.79682      3.29108
    O      -37.97374     -7.97482      3.66908
    N      -38.01374     -6.28382      1.87208
    C      -38.11374     -5.17182      1.60608
    N      -38.06374     -4.88982      0.31108
    C      -38.26374     -4.12182      2.56408
    C      -38.31374     -4.48982      3.87208
    H      -41.05374     -3.76082      7.76808
    H      -41.32274     -4.41982      6.12008
    H      -40.45574     -5.99482      7.98908
    H      -37.80074     -7.18482      5.78108
    H      -37.52174     -4.20982      6.18508
    H      -36.52974     -5.56082      6.83308
    H      -38.36374     -4.34782      8.43508
    H      -38.43574     -3.72782      4.63908
    H      -38.33374     -3.07782      2.26108
    H      -37.94574     -5.64882     -0.37692
    H      -38.14274     -3.91382     -0.00592
    P      -36.49374     -4.87882      8.46908
    O      -36.27374     -5.18582      9.89708
    O      -35.70374     -3.75482      7.91708
    O      -36.24374     -6.18582      7.58908
    C      -37.18374     -7.28382      7.68608
    C      -36.45374     -8.59982      7.52308
    O      -36.24374     -8.84182      6.09608
    C      -35.05374     -8.67682      8.12808
    O      -34.66374    -10.01482      8.41408
    C      -34.17374     -8.12282      7.01808
    C      -34.88374     -8.62782      5.77008
    N      -34.83374     -7.68182      4.62408
    C      -34.68374     -8.21982      3.36408
    O      -34.59374     -9.41782      3.16708
    N      -34.64374     -7.30182      2.33208
    C      -34.73374     -5.93682      2.44608
    O      -34.68374     -5.21282      1.44408
    C      -34.88374     -5.46282      3.80008
    C      -34.99374     -3.97782      3.97108
    C      -34.93374     -6.32882      4.83308
    H      -37.67374     -7.25682      8.67208
    H      -37.94274     -7.18882      6.89708
    H      -37.07574     -9.38682      7.96308
    H      -34.42074     -9.57682      5.46108
    H      -34.14174     -7.02282      7.04208
    H      -33.14974     -8.52182      7.08408
    H      -34.98374     -8.06482      9.04108
    H      -35.05474     -5.94782      5.84708
    H      -34.02474     -3.57182      4.29908
    H      -35.76174     -3.75182      4.72408
    H      -35.27374     -3.51782      3.01108
    H      -34.53774     -7.67082      1.40808
    H      -34.79474    -10.55882      7.63508
    H      -30.77274     -7.72282     -9.51592
    O      -30.89274     -8.41082     -8.87492
    P      -32.33374     -8.80982     -8.83692
    O      -32.55374     -9.70382     -9.99192
    O      -33.12374     -7.55782     -8.82492
    O      -32.58374     -9.60882     -7.47792
    C      -31.64374    -10.64282     -7.09292
    C      -32.37374    -11.75782     -6.37492
    O      -32.58374    -11.35982     -4.98392
    C      -33.77374    -12.08282     -6.89192
    O      -34.16374    -13.41982     -6.56692
    C      -34.65374    -11.10982     -6.12592
    C      -33.94374    -11.02582     -4.78192
    N      -33.99374     -9.67382     -4.15992
    C      -33.91374     -8.45382     -4.77492
    N      -33.98374     -7.45282     -3.95092
    C      -34.13374     -8.05082     -2.71292
    C      -34.26374     -7.52282     -1.41092
    N      -34.27374     -6.22182     -1.13892
    N      -34.38374     -8.39582     -0.39892
    C      -34.37374     -9.69782     -0.66892
    N      -34.25374    -10.31082     -1.82692
    C      -34.13374     -9.41082     -2.81992
    H      -31.15474    -11.04382     -7.99292
    H      -30.88274    -10.20882     -6.42492
    H      -31.75074    -12.65882     -6.43192
    H      -34.40574    -11.74882     -4.09492
    H      -34.68574    -10.12782     -6.62192
    H      -35.67674    -11.49782     -6.01392
    H      -33.84274    -11.93182     -7.97492
    H      -33.80174     -8.33382     -5.85192
    H      -34.18274     -5.53582     -1.90192
    H      -34.37174     -5.89782     -0.16592
    H      -34.47974    -10.34882      0.19108
    P      -35.71374    -12.29982     -7.59392
    O      -35.93374    -13.58682     -8.28592
    O      -36.50374    -11.15082     -8.09192
    O      -35.96374    -12.47682     -6.02792
    C      -35.02374    -13.26582     -5.25492
    C      -35.75374    -13.99282     -4.14592
    O      -35.96374    -13.06282     -3.03692
    C      -37.15374    -14.49882     -4.48592
    O      -37.54374    -15.58782     -3.64592
    C      -38.03374    -13.29882     -4.18192
    C      -37.32374    -12.67582     -2.98792
    N      -37.37374    -11.19082     -2.96692
    C      -37.29374    -10.29882     -4.01992
    N      -37.37374     -9.04382     -3.66192
    C      -37.51374     -9.09482     -2.27492
    C      -37.64374     -8.04982     -1.32992
    O      -37.66374     -6.83382     -1.51692
    N      -37.76374     -8.55182     -0.02292
    C      -37.76374     -9.88982      0.31708
    N      -37.89374    -10.16782      1.61608
    N      -37.63374    -10.87282     -0.57192
    C      -37.51374    -10.40782     -1.84392
    H      -34.53474    -13.99782     -5.91392
    H      -34.26274    -12.60282     -4.81692
    H      -35.13074    -14.83782     -3.83192
    H      -37.78574    -13.05682     -2.06692
    H      -38.06574    -12.60382     -5.03492
    H      -39.05674    -13.60882     -3.92192
    H      -37.22274    -14.80282     -5.53792
    H      -37.17374    -10.61482     -5.05592
    H      -37.85574     -7.88782      0.71908
    H      -37.89274    -11.14682      1.93708
    H      -37.99374     -9.40182      2.30008
    P      -39.09374    -14.98282     -5.03892
    O      -39.31374    -16.44082     -5.14792
    O      -39.88374    -14.13682     -5.96192
    O      -39.34374    -14.50882     -3.53692
    C      -38.40374    -14.91382     -2.50992
    C      -39.13374    -15.12682     -1.20892
    O      -39.34374    -13.82782     -0.56592
    C      -40.53374    -15.72782     -1.30592
    O      -40.92374    -16.38282     -0.09492
    C      -41.41374    -14.50782     -1.51592
    C      -40.70374    -13.45282     -0.67892
    N      -40.75374    -12.08782     -1.26392
    C      -40.90374    -11.00882     -0.39592
    O      -40.99374    -11.22782      0.82108
    N      -40.95374     -9.66982     -1.09292
    C      -40.85374     -9.55382     -2.22992
    N      -40.90374     -8.30982     -2.67992
    C      -40.70374    -10.64182     -3.14492
    C      -40.65374    -11.89282     -2.60192
    H      -37.91374    -15.84982     -2.81292
    H      -37.64374    -14.12982     -2.37892
    H      -38.51074    -15.77182     -0.56992
    H      -41.16574    -13.42682      0.31808
    H      -41.44574    -14.21982     -2.57792
    H      -42.43674    -14.68482     -1.15292
    H      -40.60274    -16.43182     -2.14292
    H      -40.53074    -12.75082     -3.26092
    H      -40.63274    -10.48082     -4.22092
    H      -41.02074     -7.52782     -2.02092
    H      -40.82474     -8.12282     -3.68992
    P      -42.47374    -16.39482     -1.61392
    O      -42.69374    -17.77082     -1.12092
    O      -43.26374    -15.99682     -2.80092
    O      -42.72374    -15.34982     -0.43492
    C      -41.78374    -15.30282      0.66908
    C      -42.51374    -14.96582      1.95108
    O      -42.72374    -13.51882      2.00208
    C      -43.91374    -15.55682      2.10008
    O      -44.30374    -15.66182      3.47208
    C      -44.79374    -14.52782      1.41208
    C      -44.08374    -13.22382      1.74708
    N      -44.13374    -12.21382      0.65808
    C      -44.05374    -12.39982     -0.70892
    N      -44.13374    -11.29382     -1.40292
    C      -44.27374    -10.29682     -0.43692
    C      -44.40374     -8.89582     -0.58092
    O      -44.42374     -8.22182     -1.60992
    N      -44.52374     -8.26082      0.66708
    C      -44.52374     -8.90282      1.88908
    N      -44.65374     -8.12382      2.96508
    N      -44.39374    -10.22182      2.02408
    C      -44.27374    -10.85582      0.82708
    H      -41.29474    -16.28282      0.77208
    H      -41.02274    -14.53382      0.46908
    H      -41.89074    -15.29682      2.79008
    H      -44.54574    -12.79482      2.64708
    H      -44.82574    -14.69682      0.32408
    H      -45.81674    -14.54182      1.81508
    H      -43.98274    -16.54182      1.62208
    H      -43.93374    -13.38182     -1.16792
    H      -44.61574     -7.26482      0.67008
    H      -44.65274     -8.54082      3.90708
    H      -44.75374     -7.10382      2.85308
    H      -45.02074    -16.29482      3.55208
